<svg width="31.925" height="31.925" xmlns="http://www.w3.org/2000/svg">

 <g>
  <title>background</title>
  <rect fill="none" id="canvas_background" height="402" width="582" y="-1" x="-1"/>
 </g>
 <g>
  <title>Layer 1</title>
  <path fill="#05c896" id="svg_2" d="m15.963016,2.001001a13.962,13.962 0 1 1 -13.963,13.962a13.977,13.977 0 0 1 13.963,-13.962m0,-2a15.962,15.962 0 1 0 15.962,15.962a15.962,15.962 0 0 0 -15.962,-15.962z"/>
  <path fill="#05c896" id="svg_3" d="m14.329016,17.513001a2.374,2.374 0 0 1 0.49,-1.433a9.248,9.248 0 0 1 1.443,-1.483a10.084,10.084 0 0 0 1.321,-1.371a1.993,1.993 0 0 0 0.367,-1.2a1.953,1.953 0 0 0 -1.982,-2a2.073,2.073 0 0 0 -1.419,0.543a3.56,3.56 0 0 0 -0.954,1.582l-2.152,-0.939a5.027,5.027 0 0 1 1.724,-2.657a4.632,4.632 0 0 1 2.9,-0.926a4.959,4.959 0 0 1 2.287,0.531a4.154,4.154 0 0 1 1.651,1.5a3.979,3.979 0 0 1 0.611,2.175a3.681,3.681 0 0 1 -0.538,1.965a8.76,8.76 0 0 1 -1.638,1.865a13.792,13.792 0 0 0 -1.359,1.322a1.536,1.536 0 0 0 -0.379,1a2.868,2.868 0 0 0 0.1,0.667l-2.2,0a2.74,2.74 0 0 1 -0.273,-1.141zm1.468,6.969a1.855,1.855 0 0 1 -1.357,-0.543a1.831,1.831 0 0 1 -0.551,-1.359a1.875,1.875 0 0 1 0.551,-1.372a1.835,1.835 0 0 1 1.357,-0.556a1.868,1.868 0 0 1 1.908,1.928a1.833,1.833 0 0 1 -0.549,1.359a1.863,1.863 0 0 1 -1.359,0.543z"/>
 </g>
</svg>